#Sun Nov 17 06:54:39 GMT 2024
altitude=0.0
latitude=1.3602083
longitude=103.9897583
