#Sun Nov 17 09:44:50 GMT 2024
latitude=1.3854002
longitude=103.7397505
